0010000100110000000110111011110011100000000000101101101001110110110000010001011001111000001101100100
0010001011110100110110111010011100001011111111001100010111010001111110100001101001010011110011011001
1101111100010110100110111010010011110100100111011001111000001000110011101010001001111001010100110011
1010110001100100010000110101000101100001111000000110010010101100010111101110111111110101100111110001
1100111110010100111010001011111110011101000001110010110001011111011011001011101111111000011001010001
1010010110000110001011000001101000111000101101110000111011110001111110111010111110111000011011101110
0010100010000111010000010010100110110111010101110100111001010110010000001100101111101110110010001011
1101111011101110111100001000101000001011010010001011111110000001100101110011101011100011110001011110
1000111111110100001010110000000110001001000101101000000000110010110111111010101010001011011100100111
0110001000011101111110100111011111001101000011010110110000111011001001111111111101101000101001011100
1010101001011111100111000101100001010001101111011011001100111101101000000111001000111011000101000011
0110111101100101100001011001100111100110000001110101000111110100111011101100011100100000111000000001
0010111101111000000001000111111110010010100111100101100101000100010111011100000011010001001111101010
0100011001100000101011001011000011101100101111000010101001110011101001011000000101010001010101110100
1011000100001100101100010110010110001011101011110000111000110011010010001101100111101111110001001011
0100100001011100010010111100100001011111010001110001001011111100010111101011110111110001000111110100
0011011000110111010011000110011101011100111100011001011111111000001001001111111011111100000011100001
1000011111100100101010110010001111110101111100111010111011101100110100101011000110100000011010011110
1000111010101110000100001101100000000100110010010100111011111000001101110110101011101101110000000101
1011001101010111110000101111100100011111101111111001000000100010000101010110000011011110100100011111
0001111011000100010000011001101111010001010000101000111111100001100101111110110101001110000100011111
0100001101000000110110100111100101101101010110001100101111101111001000111001000011100110111001100010
0011110011110001001100010000101100110111001101011000111101101000110000000001100010010100011101111000
1111101001001000111000011100001010110110110101101011101011001000011110011011000101111111000010010111
0110010010110100010100001111111001000011000000111110001101000000110101101110110011110001110101111000
0011000111101000011011111011010101100111011010010100100011101010110111110011110011010101101010011110
0111111010110001001010110100000110010111100001101010100100111001010000010111011111110110011100010100
1101011110001001001101100101110111111110010011101100010100100001111011110110111100011101101011011010
1001011001001010100011110011110111000100100111110010100100110100110001010101000110110101100001110110
1110101000111011010111101011101111111010001101011000001100100101000100110110000101111001001110111000
0101001010111100101011101011100011001001100000110011100101110011000011011100011001010010010110110000
0010000100111100000111011110111010100111101000010111001110001000101111111101011011110001110001100110
1101001111011101110100001110001110110000100000001000000100101000011010100011111001001110101011110100
0111101101011101000110000000111110110010110111011010111001011111000011011010000000101101110010001110
1011010101000110100110000011100110000100110110100110001011110010101100100100101100001110100000111101
1100110111011001101110110110001111100010101010100101001010110100011001010010110000001101100011000010
1100001100110100110001111000111001111111001001010001100011100100101000101011001000100000101000000111
1001101010011011101111001101010000101101110101110100101011111100010100100011000000011010111001010100
1001111110100011011010101011010110100101110100001000110101100000110000010111010110010101011001110001
1111110001100111010011010101111011100110111001001011100111111110110010000001010000101101001100111001
1101111000110010001110100101110011010101000111101011001010010111111111101100100010011111001000111111
0011101100101111100100001111000100101110000100111010101001010011001011110100101110111100010010100010
1101110110011100011010001010010000101101010111001110110011101101011000000010011011100110001110111001
1110110001100010000000110010000001010100100001101110101010100101110111110000111110101010001111101000
0000001011010010111101011110010001001111110001101011101101110101011111100010100110101111010100100110
1101010100110111100001001101011111111101010011101001100011101011100001101010001110101010011111101000
1011111110000011001100100111001101111111001100000011111111010111011010001000110101010100000010011111
1100011101111001001011011011111001101000111010111101111001001001001000001010000111110100101100101111
1011010000011111111111100101001001100110010010110000101110111011101000000100110111101010100011100001
0110010001111100100111010000010110111101010001110111111100000001101110111010010100011110001011010100
1111001000111111011001111010100100000010000100100011001100000010100111110000111001011000101011110101
1000100011010111111000101000100000110110001101010001111011010101000010100000100010111100010111000100
0001011111001011110000110111110110110010101001111111110110001100001111101010001010011110110101011101
1110100010011101011011101111011000000111111010101001111100000110111000110001000001111110110001010100
1011010011011110000010001011110000111101001000000101010011101001101010011100011011010101100101000110
0110110111000110001110100111011111010110110110101101111000011110101000111000011111110001011001100100
0110010100010111010010001111000101010110100100111101110101100001011010010001111111100101000101111111
0110111101001000111110110001100010100010001101010111011000101101011100001100001011001001110111001111
1011100010111001010101001110111011111111111110100100110000111100101111011000001111110100011111110111
1100010011001100101100001011111101101101100111101100000010100110010011111011100111110100001010101010
1111000110111101111111110111001100101101000010001111100011111011101001001110110000111011111011111000
1100000101111111000001110001001000111011000101011101001100110100011100011110101110001010000000000100
1101010011011100011101010000010110010101010111100000110000010000111110011010100000111100100101001111
1111000000111100011111011000100101111000000101011111110010100011010111011100010100101010010001111101
0101010001001100110111101111101100001111101110010101111001100010010011011110010101000011001001111001
0111011001011001001001111000100000011101001100011011001100100011010000010100110000010010010101010101
1101111100110110001110011000010010101110010001100111111001111111001000110101111100101110011011011110
1110011010110101100110100011011001010011011100101111110110111100001101110101001111011010000010101100
0000101001000011100101100000100000010101000110111011101111001111000100000000001101001001001011010110
0101101110110010111011001100010001000101010111011010110101100011011110100011011101010001010110011001
0101000001000101000010110101111001110011001010111100001110000011100001101010010101011011001011001010
0000011011100101110101100110000010010100010110000001101000111111111100000000101100111110110110010000
1100001100000001000011110001101010001001100001011110100101011010000011001011110010011000111101100000
0011000011000001000000110001011100000010011001110010110110001011100011011100100011100011101110011101
0110001100000000011101100010000110111100011111000010010101110000000010011101001000101100010111110000
0101100001110111100001101000010101000010101110110111010100000011001000011001111011011101001100100100
0000111101101011000001100110110011111000010101111101100101001110111001100010000000101000010100100011
0011111000110001011001111100110010101101011011001010000101010111000101100000101001000101001110001011
0111001101111001010111011010000000001000111000011111100100010111010101011101001001111100100001100100
1100010100001000110001101111111001010000001100101101101100100011101010100101001001111011010111101101
0010010010100101000101010100111010111100111110010100110001111110010101001011001000100011110110110001
0110111010111100101010101111001101011111110001000010011001100001110000110001100011011110000001010010
0100001000101011110011111001011000110011101010010101011111110110001001010100101100010100011100010001
1101011011101011100101010110110011011011101000111110001011011001011011110010000101101110110101101100
0011010001100100010000101101001110101010101010000111100010001101001000000000101001110001111010001111
0000001000111000101000110100101011010011010000111101101101101000100111011001011111111000001010110011
1110001110001111100001011010011100100100101110110001110001011010110110001000101001111111001010000110
1101010100011111001010010001111111011100001111011100000001001000100001011101101001001101100100101111
1010010101100010000010110101110000101100011011010010010101000110111110001101100110111001110010100000
0101100111001010111011010010101001111111110011001111011010101101010010011101000110010111010011110000
1001011100011101101100101100100100100100101001110000010111101001010010011110000000000001000001010001
0010101011001001010101001011001110101100000011110001110000010000110011001000101010000111101110010000
0110110110101110111111110111001000000010100000010001011110000010010000010100110000100111100101000100
0001000000111010000010101101011001000100010100101111011111011010110101100001111011000010011011011100
0100101100110110000111001011011010101000001100110011001110101100111001111010111100001101100000110100
0111001011011111100001111110111101111111000110000100001100010011101100100100000001111000011111000110
0010111000110010000101101010110011011110011101110000010100111011111010101001110111010110100101111011
0110111011011000101001100010100001000100000000011010101100101011101010101101001001101100011100000100
0000010001111111011100010111101010000010101001011000001000000011110011111001111101011011000011010110
1000011110011000010000111100001010010000100010011101111110100100110101100001001001101010110100101110
